displacement
0.0
0.0
0.0
0.0
0.0
0.0
0.0
0.0
0.0
0.0
0.0
0.0
0.0
0.0
0.0
0.0
0.0
0.0
0.0
0.0
0.0
0.0
0.0
0.0
0.0
0.0
0.0
0.0
0.0
0.0
0.0
1.5000000000000002e-06
5.500000000000001e-06
1.0000000000000003e-05
1.4000000000000003e-05
1.4000000000000003e-05
1.4000000000000003e-05
1.4000000000000003e-05
1.4000000000000003e-05
1.4000000000000003e-05
1.4000000000000003e-05
1.4000000000000003e-05
1.4000000000000003e-05
1.4000000000000003e-05
1.4000000000000003e-05
1.4000000000000003e-05
1.4000000000000003e-05
1.4000000000000003e-05
1.4000000000000003e-05
1.4000000000000003e-05
1.4000000000000003e-05
1.4000000000000003e-05
1.4000000000000003e-05
1.4000000000000003e-05
1.4000000000000003e-05
5.000000000000005e-06
-2.2e-05
-5.9999999999999995e-05
-9.8e-05
-9.9e-05
-0.00011399999999999999
-0.00014875
-0.00019625000000000003
-0.00024875000000000006
-0.0003025000000000001
-0.0003545000000000001
-0.00040125000000000013
-0.00044225000000000015
-0.00048200000000000017
-0.0005230000000000001
-0.0005640000000000002
-0.0006027500000000002
-0.0006010000000000002
-0.0005927500000000002
-0.0005760000000000001
-0.0005510000000000002
-0.0005165000000000001
-0.00047075000000000014
-0.00041300000000000017
-0.0003437500000000002
-0.0002645000000000002
-0.0001762500000000002
-8.00000000000002e-05
2.3249999999999806e-05
2.6499999999999807e-05
3.5499999999999806e-05
4.89999999999998e-05
6.52499999999998e-05
8.42499999999998e-05
0.0001054999999999998
0.0001064999999999998
0.0001094999999999998
0.0001144999999999998
0.0001222499999999998
0.0001332499999999998
0.0001464999999999998
0.0001477499999999998
0.0001499999999999998
0.0001514999999999998
0.00015299999999999982
0.00015449999999999983
0.00015599999999999983
0.00015599999999999983
0.00015599999999999983
0.00015599999999999983
0.00015599999999999983
0.00015599999999999983
0.00015599999999999983
0.00015599999999999983
0.00015599999999999983
0.00015749999999999984
0.00015999999999999985
0.00016199999999999984
0.00016399999999999984
0.00016399999999999984
0.00016399999999999984
0.00016399999999999984
0.00016399999999999984
0.00016399999999999984
0.00016399999999999984
0.00016399999999999984
0.00016399999999999984
0.00016399999999999984
0.00016399999999999984
0.00016549999999999985
0.00016949999999999984
0.00017049999999999983
0.00017199999999999984
0.00017299999999999984
0.00017549999999999985
0.00018049999999999986
0.00018749999999999987
0.00018849999999999987
0.00019149999999999986
0.00019499999999999986
0.00019949999999999986
0.00020499999999999986
0.00020999999999999987
0.00020999999999999987
0.00020999999999999987
0.00020999999999999987
0.00020999999999999987
0.00021149999999999988
0.0002139999999999999
0.0002139999999999999
0.0002139999999999999
0.0002139999999999999
0.0002154999999999999
0.0002179999999999999
0.0002214999999999999
0.00022199999999999992
0.00022199999999999992
0.00022199999999999992
0.00022199999999999992
0.00022199999999999992
0.00022199999999999992
0.00022199999999999992
0.00022199999999999992
0.00022199999999999992
0.00022199999999999992
0.00022199999999999992
0.00022349999999999993
0.00022449999999999993
0.00022749999999999992
0.00023249999999999993
0.00023949999999999994
0.0002484999999999999
0.0002594999999999999
0.00026049999999999994
0.00026349999999999995
0.00026699999999999993
0.00026999999999999995
0.00027299999999999997
0.000276
0.000276
0.00027749999999999997
0.00028149999999999996
0.00028599999999999996
0.00028999999999999995
0.00029399999999999994
0.00029399999999999994
0.0002954999999999999
0.0002994999999999999
0.0003054999999999999
0.00031349999999999987
0.00032199999999999986
0.00032199999999999986
0.00032199999999999986
0.00032199999999999986
0.00032199999999999986
0.00032199999999999986
0.00032199999999999986
0.00032199999999999986
0.00032199999999999986
0.00032199999999999986
0.00032199999999999986
0.00032199999999999986
0.00032199999999999986
0.00032199999999999986
0.00032199999999999986
0.00032199999999999986
0.00032199999999999986
0.00032199999999999986
0.00032199999999999986
0.00032199999999999986
0.00032349999999999984
0.00032749999999999983
0.0003334999999999998
0.0003414999999999998
0.0003514999999999998
0.00035249999999999984
0.00035549999999999986
0.00036049999999999987
0.0003674999999999999
0.0003764999999999999
0.0003859999999999999
0.0003859999999999999
0.0003859999999999999
0.0003859999999999999
0.0003859999999999999
0.0003859999999999999
0.0003859999999999999
0.0003859999999999999
0.0003859999999999999
0.0003859999999999999
0.0003859999999999999
0.0003859999999999999
0.0003859999999999999
0.0003859999999999999
0.0003859999999999999
0.0003874999999999999
0.0003899999999999999
0.0003919999999999999
0.0003939999999999999
0.0003939999999999999
0.0003939999999999999
0.0003939999999999999
0.0003939999999999999
0.0003939999999999999
0.0003939999999999999
0.0003939999999999999
0.0003939999999999999
0.0003939999999999999
0.0003939999999999999
0.0003939999999999999
0.0003939999999999999
0.0003939999999999999
0.0003939999999999999
0.0003939999999999999
0.0003939999999999999
0.0003939999999999999
0.0003939999999999999
0.0003944999999999999
0.0003974999999999999
0.0004024999999999999
0.00040799999999999994
0.00041449999999999994
0.00042199999999999996
0.00042249999999999997
0.00042399999999999995
0.00042649999999999996
0.00042999999999999994
0.00043299999999999995
0.00043749999999999995
0.00043799999999999997
0.00043799999999999997
0.00043799999999999997
0.00043799999999999997
0.00043949999999999995
0.00044199999999999996
0.00044199999999999996
0.00044199999999999996
0.00044199999999999996
0.00044349999999999994
0.00044599999999999994
0.0004494999999999999
0.00044999999999999993
0.00044999999999999993
0.00044999999999999993
0.00044999999999999993
0.0004514999999999999
0.00045699999999999994
0.00045999999999999996
0.00047424999999999995
0.00050325
0.00055125
0.00064175
0.00082175
0.00114925
0.0016887500000000001
0.0025002500000000003
0.0036415
0.005171
0.007147250000000001
0.009629500000000001
0.012667750000000002
0.016283500000000003
0.020465250000000004
0.025180750000000005
0.030394500000000005
0.036061
0.04210825
0.0484725
0.0551125
0.061988
0.06906875
0.07633225
0.08373475000000001
0.09120375000000001
0.09864675000000002
0.10596300000000002
0.11306025000000001
0.11989575000000001
0.12648275
0.13284025
0.13896899999999998
0.14484699999999998
0.15043074999999997
0.15565149999999997
0.16042599999999996
0.16469849999999997
0.16847824999999997
0.17181824999999998
0.17477225
0.1773795
0.1796515
0.18156175
0.18305849999999999
0.18412399999999998
0.18478324999999998
0.185077
0.185072
0.184834
0.18438825
0.18372425
0.1828745
0.1819045
0.18085075
0.17973825000000002
0.17858475000000001
0.17740325
0.17620375000000002
0.17499375000000003
0.17377925000000002
0.17256500000000002
0.17135350000000002
0.171355
0.17136175
0.17137525
0.17139625
0.171425
0.17146275
0.17146725
0.17148075
0.17150325
0.17153474999999999
0.17157524999999998
0.17162475
0.17168324999999998
0.17175074999999998
0.17182725
0.17191274999999998
0.17200724999999997
0.17211074999999998
0.17211524999999997
0.17212874999999997
0.17215124999999998
0.17218274999999997
0.17222324999999997
0.17227274999999997
0.17233124999999996
0.17239874999999996
0.17247524999999997
0.17256074999999996
0.17265524999999995
0.17275874999999996
0.17276324999999995
0.17277674999999995
0.17279924999999996
0.17283074999999995
0.17287124999999995
0.17292074999999996
0.17297924999999995
0.17304674999999994
0.17312324999999995
0.17320799999999995
0.17330049999999994
0.17340099999999994
0.17340499999999995
0.17341699999999996
0.17343699999999995
0.17346499999999995
0.17350099999999996
0.17354499999999995
0.17354899999999995
0.17356024999999994
0.17357899999999996
0.17360599999999995
0.17364024999999997
0.17368124999999998
0.17368474999999997
0.17369524999999997
0.17371274999999997
0.17373724999999998
0.17376874999999997
0.17380724999999997
0.17381074999999996
0.17382124999999995
0.17383874999999996
0.17386324999999997
0.17389474999999996
0.17393324999999996
0.17393674999999995
0.17394649999999995
0.17396274999999994
0.17398624999999995
0.17401674999999994
0.17405424999999994
0.17405749999999995
0.17406724999999995
0.17408424999999994
0.17410824999999994
0.17413849999999995
0.17417449999999995
0.17417749999999996
0.17418649999999997
0.17420149999999995
0.17422249999999995
0.17424949999999995
0.17428249999999995
0.17428549999999995
0.17429449999999996
0.17430949999999995
0.17433049999999994
0.17435749999999994
0.17439049999999995
0.17439349999999995
0.17440249999999996
0.17441749999999995
0.17443849999999994
0.17446549999999994
0.17449849999999995
0.17450149999999995
0.17450974999999994
0.17452274999999995
0.17454149999999996
0.17456649999999996
0.17459674999999997
0.17459949999999996
0.17460849999999997
0.17462274999999997
0.17464174999999996
0.17466574999999995
0.17469099999999996
0.17468899999999996
0.17467099999999997
0.17462449999999996
0.17452949999999995
0.17436149999999995
0.17408349999999995
0.17364699999999994
0.17300899999999994
0.17212349999999993
0.17092899999999994
0.16935449999999994
0.16733549999999994
0.16483399999999995
0.16184424999999994
0.15839249999999994
0.15451974999999993
0.15026299999999992
0.1456632499999999
0.14075724999999992
0.13557724999999993
0.13017674999999992
0.12464024999999992
0.11904499999999993
0.11342074999999993
0.10774499999999992
0.10196524999999992
0.09604274999999993
0.08996324999999993
0.08373474999999993
0.07739574999999993
0.07100874999999993
0.06463424999999992
0.05831274999999992
0.05207449999999992
0.04595199999999992
0.039986249999999925
0.034220999999999925
0.028710999999999924
0.023522499999999925
0.018708999999999927
0.014304749999999929
0.010329499999999929
0.006798249999999929
0.0037292499999999305
0.0011514999999999312
-0.0009042500000000673
-0.0024247500000000657
-0.0034170000000000645
-0.003904250000000063
-0.0039270000000000615
-0.0035337500000000603
-0.002772750000000059
-0.0017122500000000577
-0.0004372500000000563
0.000984249999999945
0.0025097499999999465
0.0041104999999999475
0.005764249999999949
0.007455249999999951
0.009172249999999951
0.010906499999999953
0.012651249999999954
0.014402249999999957
0.01615624999999996
0.01790999999999996
0.019662999999999962
0.021413749999999964
0.023159999999999965
0.024901999999999966
0.02663924999999997
0.02837124999999997
0.030098249999999972
0.03181949999999997
0.03181649999999997
0.03180749999999997
0.03179249999999997
0.031771499999999966
0.03174449999999997
0.03171224999999997
0.03170949999999997
0.031700499999999965
0.031685499999999964
0.031665249999999964
0.03164024999999997
0.031610249999999965
0.03160774999999996
0.03160024999999996
0.03158774999999996
0.031570249999999966
0.031547749999999965
0.031520249999999965
0.03151774999999996
0.03151024999999996
0.03149774999999996
0.03148024999999997
0.031457749999999965
0.031430249999999965
0.03142774999999996
0.03142024999999996
0.031407749999999963
0.03139024999999997
0.031368499999999966
0.03134299999999997
0.031340999999999966
0.03133499999999997
0.031324999999999964
0.031310999999999964
0.03129299999999997
0.031270999999999965
0.031268999999999963
0.031263749999999965
0.03125499999999996
0.031242749999999965
0.031227749999999964
0.031209749999999963
0.03120824999999996
0.031202999999999963
0.031193499999999964
0.031179999999999965
0.031163249999999965
0.031143749999999967
0.03114199999999997
0.03113599999999997
0.03112599999999997
0.03111274999999997
0.03109674999999997
0.031076999999999973
0.031075249999999974
0.031070749999999973
0.031063249999999973
0.031052749999999973
0.031039249999999973
0.031022749999999974
0.031021249999999972
0.03101674999999997
0.03100924999999997
0.03099874999999997
0.03098524999999997
0.030968749999999972
0.03096724999999997
0.03096274999999997
0.03095524999999997
0.03094474999999997
0.03093124999999997
0.03091474999999997
0.03091324999999997
0.030908749999999968
0.030901249999999967
0.030890749999999967
0.030877249999999967
0.030860749999999968
0.030859499999999967
0.030856499999999967
0.03085074999999997
0.03084174999999997
0.03082974999999997
0.030814749999999967
0.030813249999999966
0.030808749999999965
0.030801999999999965
0.030793499999999963
0.030778499999999962
0.03072549999999996
0.03059599999999996
0.03036074999999996
0.02996224999999996
0.02930849999999996
0.02829574999999996
0.02683949999999996
0.024908749999999962
0.022540499999999963
0.019810999999999964
0.016786499999999965
0.013489999999999966
0.009911749999999966
0.006034749999999967
0.001834499999999969
-0.0027227500000000307
-0.00763675000000003
-0.01286750000000003
-0.018378750000000027
-0.024136250000000026
-0.030093000000000026
-0.036201250000000025
-0.04243675000000002
-0.048779250000000024
-0.05518150000000002
-0.06157775000000002
-0.06790425000000001
-0.07411075000000002
-0.08015975000000002
-0.08603300000000001
-0.09173175000000001
-0.09724875000000001
-0.102563
-0.10765425
-0.1124975
-0.11705925
-0.12130125
-0.12517975
-0.12864625000000002
-0.13165775000000002
-0.134195
-0.13628
-0.13796925000000002
-0.13931575000000002
-0.14034400000000002
-0.14105950000000003
-0.14146850000000002
-0.14158750000000003
-0.14144325000000002
-0.14107100000000003
-0.14050925000000003
-0.13979550000000002
-0.13895700000000002
-0.13801225000000003
-0.13698000000000002
-0.13588100000000003
-0.13473650000000004
-0.13356300000000004
-0.13237175000000004
-0.13116950000000005
-0.12995700000000004
-0.12872725000000004
-0.12747375000000005
-0.12620150000000005
-0.12492025000000005
-0.12363475000000006
-0.12234900000000005
-0.12106450000000005
-0.11978225000000005
-0.11978400000000004
-0.11979075000000004
-0.11980275000000004
-0.11982050000000004
-0.11984450000000003
-0.11987450000000004
-0.11987775000000003
-0.11988825000000003
-0.11990575000000003
-0.11993025000000003
-0.11996175000000003
-0.11999950000000004
-0.12000275000000003
-0.12001250000000004
-0.12002800000000004
-0.12005025000000004
-0.12007900000000003
-0.12011425000000003
-0.12011750000000003
-0.12012650000000002
-0.12014150000000003
-0.12016250000000002
-0.12018950000000002
-0.12022250000000002
-0.12022550000000003
-0.12023450000000002
-0.12024950000000002
-0.12027050000000002
-0.12029750000000002
-0.12033050000000002
-0.12033350000000002
-0.12034250000000002
-0.12035750000000002
-0.12037850000000001
-0.12040550000000001
-0.12043850000000002
-0.12044150000000002
-0.12045050000000002
-0.12046475000000001
-0.12048375000000001
-0.12050775000000001
-0.12053675000000001
-0.12053925000000001
-0.12054675000000001
-0.12055925
-0.12057675000000001
-0.12059925
-0.12062675
-0.12062925000000001
-0.12063600000000001
-0.1206465
-0.12066175
-0.1206815
-0.12070499999999999
-0.120707
-0.120713
-0.120723
-0.120737
-0.120755
-0.120777
-0.120779
-0.120785
-0.120795
-0.120809
-0.12083075
-0.12086725
-0.12087325
-0.12088
-0.12087175
-0.12082575
-0.1207135
-0.12049750000000001
-0.12013900000000001
-0.11960250000000001
-0.11885500000000002
-0.11787000000000002
-0.11662375000000001
-0.11508925000000002
-0.11323400000000002
-0.11102150000000001
-0.1084195
-0.10540025
-0.10194325
-0.098049
-0.09373925
-0.0890545
-0.08404075
-0.078736
-0.07317625
-0.0673955
-0.061427999999999996
-0.055307499999999996
-0.049075499999999994
-0.04279424999999999
-0.036524249999999994
-0.03029099999999999
-0.02409874999999999
-0.01797524999999999
-0.01197099999999999
-0.00613199999999999
-0.0004929999999999891
0.004905000000000011
0.010006250000000012
0.014770000000000012
0.019191250000000014
0.023282750000000015
0.027053750000000015
0.030506750000000016
0.033651750000000015
0.03650875000000001
0.03909600000000001
0.041415250000000015
0.043448750000000015
0.045175750000000015
0.046578500000000016
0.04764175000000002
0.04835775000000002
0.04873100000000002
0.048770750000000015
0.048493500000000016
0.047930250000000015
0.047131500000000014
0.046161000000000015
0.04507000000000001
0.043892000000000014
0.042652000000000016
0.041368000000000016
0.04005225000000002
0.03871500000000002
0.03736375000000002
0.03600300000000002
0.03463650000000002
0.03326725000000002
0.03189800000000002
0.030529500000000015
0.029162500000000015
0.029163750000000016
0.029169000000000014
0.029178500000000013
0.029192000000000013
0.029210250000000014
0.029233750000000013
0.029236250000000012
0.029243750000000013
0.02925625000000001
0.02927375000000001
0.029296250000000013
0.029323750000000013
0.029326250000000012
0.029333750000000013
0.02934625000000001
0.02936300000000001
0.02938350000000001
0.02940800000000001
0.02941000000000001
0.029416000000000008
0.029426000000000008
0.029440000000000008
0.02945875000000001
0.029482000000000008
0.029484000000000007
0.029490750000000007
0.029502000000000007
0.02951700000000001
0.02953600000000001
0.02955900000000001
0.029561000000000007
0.029567000000000006
0.029577000000000006
0.029591000000000006
0.029609000000000007
0.029631000000000008
0.029633000000000007
0.029639000000000006
0.029649750000000006
0.029665750000000005
0.029686000000000004
0.029710000000000004
0.029712000000000002
0.029718
0.029728
0.029742
0.02976
0.029782000000000003
0.029784
0.02979
0.0298
0.029814
0.02983125
0.02985125
0.02985275
0.029857250000000002
0.029864750000000002
0.029875250000000002
0.029888750000000002
0.02990525
0.029907
0.029913
0.029922249999999997
0.02993425
0.029949999999999997
0.029969999999999997
0.029971999999999995
0.029977999999999994
0.029987999999999994
0.030001999999999994
0.030022999999999994
0.030044749999999995
0.030035749999999996
0.029949499999999997
0.029709749999999997
0.029223999999999997
0.028398749999999997
0.027150749999999998
0.025439499999999997
0.023289749999999998
0.020762499999999996
0.017893249999999996
0.014684499999999996
0.011128499999999996
0.007223249999999995
0.0029912499999999956
-0.0014990000000000047
-0.0061535000000000045
-0.010898000000000005
-0.015688000000000004
-0.020509000000000003
-0.02536075
-0.0302435
-0.03516175
-0.040128
-0.045149749999999995
-0.050228249999999995
-0.055358
-0.06052825
-0.06572875
-0.07094025
-0.07613475
-0.0812905
-0.0863805
-0.09135975
-0.09619950000000001
-0.10088125
-0.10536925000000001
-0.10962225000000002
-0.11360825000000002
-0.11730675000000002
-0.12070625000000001
-0.12379675000000001
-0.1265775
-0.129062
-0.13125925000000002
-0.13316650000000002
-0.13477500000000003
-0.13607175000000005
-0.13704325000000003
-0.13768300000000003
-0.13799675000000003
-0.13800200000000004
-0.13772575000000004
-0.13719900000000004
-0.13645350000000003
-0.13551975000000002
-0.13442225000000002
-0.1331815
-0.1318215
-0.130368
-0.128843
-0.12726575
-0.1256515
-0.12401125
-0.12235275
-0.12068174999999999
-0.11900224999999999
-0.11731774999999998
-0.11563074999999999
-0.11394349999999999
-0.11225699999999998
-0.11225699999999998
-0.11225849999999998
-0.11226249999999999
-0.11226924999999999
-0.11227924999999998
-0.11229224999999998
-0.11229399999999998
-0.11229999999999998
-0.11230924999999999
-0.11232124999999998
-0.11233624999999998
-0.11235499999999998
-0.11235674999999998
-0.11236049999999997
-0.11236599999999998
-0.11237349999999997
-0.11238374999999998
-0.11239724999999998
-0.11239874999999998
-0.11240324999999998
-0.11241074999999998
-0.11242124999999997
-0.11243474999999997
-0.11245124999999997
-0.11245274999999998
-0.11245724999999998
-0.11246474999999997
-0.11247524999999997
-0.11248874999999997
-0.11250524999999997
-0.11250649999999997
-0.11250949999999997
-0.11251524999999997
-0.11252349999999997
-0.11253349999999997
-0.11254549999999997
-0.11254649999999997
-0.11254949999999997
-0.11255449999999997
-0.11256149999999997
-0.11257049999999996
-0.11258149999999996
-0.11258249999999996
-0.11258549999999996
-0.11259349999999996
-0.11261374999999996
-0.11265024999999995
-0.11269774999999996
-0.11269999999999995
-0.11267824999999995
-0.11259174999999995
-0.11239124999999994
-0.11202149999999994
-0.11143399999999994
-0.11058899999999994
-0.10945099999999994
-0.10798949999999993
-0.10617599999999994
-0.10398424999999993
-0.10139574999999992
-0.09840174999999993
-0.09500649999999992
-0.09123624999999992
-0.08712599999999993
-0.08270399999999993
-0.07800174999999993
-0.07305499999999993
-0.06789774999999992
-0.06255724999999993
-0.057055499999999926
-0.051412499999999924
-0.045641499999999925
-0.039750249999999925
-0.03373799999999993
-0.027608499999999928
-0.021392999999999926
-0.015150999999999925
-0.008940749999999924
-0.0027837499999999243
0.0033182500000000755
0.009357750000000074
0.015330250000000075
0.021249250000000074
0.027120250000000075
0.032905750000000074
0.038534000000000075
0.043924000000000074
0.04900025000000008
0.05370250000000008
0.05800550000000008
0.06192025000000008
0.06547050000000008
0.06867325000000009
0.07152125000000009
0.0739827500000001
0.0760180000000001
0.0775800000000001
0.0786225000000001
0.07912525000000009
0.07911075000000009
0.07866850000000009
0.07792300000000009
0.07696800000000009
0.0758630000000001
0.0746492500000001
0.0733565000000001
0.0720067500000001
0.07061650000000011
0.06919825000000011
0.06776100000000011
0.06631200000000011
0.0648567500000001
0.06339800000000011
0.061939000000000105
0.060481000000000104
0.059024500000000105
0.0575712500000001
0.0575727500000001
0.0575780000000001
0.057587500000000104
0.057601750000000104
0.0576212500000001
0.0576457500000001
0.0576482500000001
0.0576557500000001
0.0576682500000001
0.0576857500000001
0.0577082500000001
0.0577365000000001
0.0577392500000001
0.057747500000000104
0.057762000000000105
0.057782500000000105
0.0578082500000001
0.057838750000000105
0.05784125000000011
0.05784875000000011
0.05786125000000011
0.057878750000000104
0.057901250000000105
0.057928750000000105
0.05793125000000011
0.05793875000000011
0.05795125000000011
0.057968750000000104
0.057991250000000105
0.058018000000000104
0.058020000000000106
0.058026000000000105
0.0580367500000001
0.058052750000000104
0.058073750000000104
0.0580990000000001
0.058101250000000104
0.058108750000000105
0.0581212500000001
0.058138000000000106
0.058158500000000106
0.0581830000000001
0.058185000000000105
0.058191000000000104
0.05820100000000011
0.05821500000000011
0.058233000000000104
0.058255000000000105
0.05825700000000011
0.058263000000000106
0.05827300000000011
0.05828700000000011
0.05830500000000011
0.05832700000000011
0.05832900000000011
0.05833425000000011
0.05834225000000011
0.058353250000000106
0.05836725000000011
0.05838200000000011
0.05838200000000011
0.05838350000000011
0.058387500000000106
0.058393500000000105
0.058401500000000106
0.058415250000000106
0.05841825000000011
0.058428750000000106
0.05844475000000011
0.05846150000000011
0.05848075000000011
0.05850400000000011
0.05850575000000011
0.05850950000000011
0.05851575000000011
0.05852525000000011
0.05853775000000011
0.05855325000000011
0.058554750000000114
0.05856000000000011
0.058569500000000115
0.058583000000000114
0.05860050000000011
0.05862200000000011
0.058624000000000114
0.05863000000000011
0.058640000000000116
0.058654000000000116
0.05867200000000011
0.058694000000000114
0.058696000000000116
0.058702000000000115
0.05871200000000012
0.05872600000000012
0.058744000000000116
0.05876600000000012
0.05876800000000012
0.05877400000000012
0.05878400000000012
0.05879800000000012
0.05881600000000012
0.05883800000000012
0.05884000000000012
0.05884600000000012
0.058856000000000123
0.05886925000000012
0.058886000000000126
0.058906250000000125
0.05890775000000013
0.058912250000000124
0.058920500000000126
0.05893225000000012
0.058946750000000124
0.05896500000000012
0.058967000000000123
0.05897300000000012
0.058983000000000126
0.058997000000000126
0.05901500000000012
0.05903625000000012
0.059038000000000125
0.05904325000000012
0.059051250000000124
0.059060000000000126
0.05906950000000013
0.059080000000000125
0.05908200000000013
0.059093250000000125
0.05911125000000012
0.059135500000000125
0.05916475000000013
0.059198750000000126
0.05920100000000013
0.05920700000000013
0.05921700000000013
0.05923025000000013
0.05924625000000013
0.05926525000000013
0.05926675000000013
0.05927125000000013
0.05927875000000013
0.05928925000000013
0.059302750000000126
0.05931925000000013
0.05932075000000013
0.05932525000000013
0.05933275000000013
0.05934250000000013
0.05935400000000013
0.05936750000000013
0.05936850000000013
0.05937150000000013
0.05937650000000013
0.05938350000000013
0.05939325000000013
0.05940625000000013
0.059407750000000134
0.05941225000000013
0.05941975000000013
0.05943025000000013
0.05944375000000013
0.05946025000000013
0.05946175000000013
0.05946550000000013
0.05947100000000013
0.05947850000000013
0.05948800000000013
0.05949950000000013
0.05950075000000013
0.05950450000000013
0.059510000000000125
0.059517500000000126
0.05952700000000013
0.05953925000000013
0.05954075000000013
0.059545250000000126
0.059552750000000126
0.05956325000000012
0.05957675000000012
0.059593250000000125
0.05959475000000013
0.059598500000000124
0.05960400000000012
0.05961150000000012
0.059621750000000126
0.059634500000000125
0.059635750000000126
0.059640250000000124
0.059647750000000124
0.05965825000000012
0.05967100000000012
0.05968550000000012
0.05968650000000012
0.059689500000000124
0.05969450000000012
0.05970150000000012
0.059710500000000125
0.05972150000000012
0.05972250000000012
0.05972625000000012
0.05973325000000012
0.05974250000000012
0.05975350000000012
0.05976650000000012
0.05976750000000012
0.05977050000000012
0.05977550000000012
0.05978250000000012
0.05979150000000012
0.05980250000000012
0.05980375000000012
0.05980825000000012
0.05981500000000012
0.05982350000000012
0.059834000000000116
0.059848000000000116
0.05985000000000012
0.059854500000000116
0.059860500000000115
0.059868500000000116
0.05987700000000012
0.05988500000000012
0.05988500000000012
0.05988500000000012
0.05988500000000012
0.05988650000000012
0.05989050000000012
0.059896500000000116
0.05989750000000012
0.05990050000000012
0.05990550000000012
0.05991250000000012
0.05992150000000012
0.05993250000000012
0.05993350000000012
0.05993650000000012
0.05994150000000012
0.05994850000000012
0.05995750000000012
0.05996850000000012
0.05996950000000012
0.05997250000000012
0.05997750000000012
0.05998450000000012
0.05999350000000012
0.06000450000000012
0.06000550000000012
0.060008500000000124
0.06001350000000012
0.06002125000000012
